epochs	Dclass	acc	acc_std	ari	ari_std
200000	Baron	0.63384	0.008736233274	0.3888185308	0.009496650566
200000	Muraro	0.51676	0.007832049734	0.2671431661	0.007121520707
200000	Xin	0.41652	0.006495634291	0.1881044209	0.004735565616
200000	Seger	0.53148	0.009284230762	0.3002881347	0.00940527912
200000	Wang	0.46536	0.007387281982	0.2237780211	0.006930017784
190000	Baron	0.6344	0.00841886026	0.3926185024	0.008892803716
190000	Muraro	0.51752	0.006998485163	0.2688420496	0.006802259438
190000	Xin	0.41924	0.006388238012	0.1907761576	0.004718294849
190000	Seger	0.52628	0.009740120255	0.2979052219	0.009631055936
190000	Wang	0.47112	0.007608218196	0.2390742733	0.006566016086
180000	Baron	0.64088	0.008747016773	0.3996090868	0.009194273844
180000	Muraro	0.51	0.008467310419	0.2720102594	0.007636518861
180000	Xin	0.41528	0.006198386219	0.1936191906	0.004577387428
180000	Seger	0.53548	0.009557892664	0.3013064223	0.009020991147
180000	Wang	0.467	0.008020942003	0.2290338646	0.007010695666
170000	Baron	0.64372	0.008735926537	0.405555109	0.009703707916
170000	Muraro	0.513	0.008080899566	0.2685800551	0.007476948531
170000	Xin	0.42456	0.006531807155	0.1926582314	0.004716732658
170000	Seger	0.5338	0.009148824501	0.3013031701	0.009287039293
170000	Wang	0.47076	0.007581673281	0.2338562593	0.007014213418
160000	Baron	0.64232	0.009206250626	0.4048825133	0.009781002586
160000	Muraro	0.52528	0.008147787239	0.2882527925	0.007771279258
160000	Xin	0.41148	0.006044776851	0.1936176482	0.004542095378
160000	Seger	0.5366	0.009504353312	0.3030928183	0.009129138937
160000	Wang	0.46592	0.007893565319	0.242842059	0.007022950495
150000	Baron	0.63424	0.009201966236	0.3964870008	0.009213843741
150000	Muraro	0.50664	0.008380580801	0.2645785479	0.007125556636
150000	Xin	0.41816	0.006273618407	0.1905170166	0.004488254941
150000	Seger	0.52748	0.009727200853	0.3017376665	0.009509989981
150000	Wang	0.464	0.007211747032	0.223479986	0.006145647891
140000	Baron	0.63804	0.009253496111	0.4057061984	0.009498514508
140000	Muraro	0.51756	0.008016237195	0.2780882012	0.006988313026
140000	Xin	0.4196	0.006675098503	0.1946962696	0.004688228816
140000	Seger	0.5348	0.009203200926	0.300799794	0.009116963624
140000	Wang	0.47692	0.007845180802	0.2407921999	0.007023946075
130000	Baron	0.6448	0.008855362327	0.4042560787	0.009475756033
130000	Muraro	0.5206	0.008160461075	0.2724604211	0.007350820699
130000	Xin	0.42108	0.006581611976	0.1967817085	0.004529043847
130000	Seger	0.53148	0.009696358929	0.3027294225	0.009063624947
130000	Wang	0.46436	0.007649511382	0.2334719206	0.006963322535
120000	Baron	0.6322	0.009406307277	0.3982233064	0.00945148773
120000	Muraro	0.51404	0.008265968789	0.270695936	0.007557089284
120000	Xin	0.411	0.006030163911	0.1839680856	0.004754932154
120000	Seger	0.5342	0.009255753667	0.3032766741	0.009211465208
120000	Wang	0.47192	0.007660487621	0.240685961	0.006742243782
110000	Baron	0.65	0.008772439009	0.4074314241	0.009569127181
110000	Muraro	0.53176	0.008078363488	0.2911119434	0.007764001796
110000	Xin	0.41368	0.006543197081	0.1960077794	0.00470065894
110000	Seger	0.5432	0.01007415883	0.3125395427	0.009744532387
110000	Wang	0.4796	0.007949661065	0.2466684432	0.006962733524
100000	Baron	0.634	0.00888180953	0.3983386316	0.009014052545
100000	Muraro	0.52328	0.008240456791	0.2806686296	0.007372673947
100000	Xin	0.41628	0.006562854634	0.1985989389	0.004899104027
100000	Seger	0.53548	0.009628853102	0.3106622405	0.009463362573
100000	Wang	0.4642	0.007888372679	0.2336169861	0.006932618048
90000	Baron	0.6434	0.008630031689	0.4086388158	0.009207990546
90000	Muraro	0.5408	0.007998322698	0.2959586703	0.007658362926
90000	Xin	0.40756	0.006596646994	0.1973433287	0.004751452243
90000	Seger	0.55164	0.009628909661	0.3208332688	0.009681341196
90000	Wang	0.4704	0.008045228654	0.2403997424	0.007397362291
80000	Baron	0.64644	0.00897198772	0.41334608	0.00964049274
80000	Muraro	0.52964	0.00829818944	0.2952297661	0.007624462849
80000	Xin	0.41292	0.006026361372	0.2020613932	0.004560731386
80000	Seger	0.54832	0.009857519552	0.3194355217	0.009961998898
80000	Wang	0.48628	0.007453839815	0.2497249006	0.006861252479
70000	Baron	0.64056	0.008686162658	0.4070410744	0.009397495948
70000	Muraro	0.545	0.008480000049	0.3140594408	0.008319011072
70000	Xin	0.40064	0.006196057449	0.203605293	0.004716090638
70000	Seger	0.549	0.009636655107	0.3333867753	0.009333516778
70000	Wang	0.4828	0.007978567889	0.264773482	0.00731393581
60000	Baron	0.64488	0.009179646007	0.4116743474	0.009683249719
60000	Muraro	0.5506	0.008264453305	0.3145466196	0.008057454648
60000	Xin	0.40784	0.006085034731	0.2069457028	0.005089780307
60000	Seger	0.5636	0.01041920397	0.3403540045	0.01000073435
60000	Wang	0.49104	0.008044785565	0.2652870946	0.007068328096
50000	Baron	0.65036	0.008714341474	0.4160388812	0.009462337569
50000	Muraro	0.55636	0.008890667413	0.3177727247	0.00825150914
50000	Xin	0.39868	0.006017358763	0.209808986	0.004875310624
50000	Seger	0.5678	0.01109662007	0.3570057446	0.01067577762
50000	Wang	0.492	0.008352143601	0.2714621279	0.006744744691
40000	Baron	0.5384	0.008146893962	0.2800713893	0.007319735205
40000	Muraro	0.50828	0.007865726988	0.2584673637	0.007168484447
40000	Xin	0.40404	0.006396138166	0.192785368	0.004844588611
40000	Seger	0.53636	0.01007822412	0.3129383016	0.009890744543
40000	Wang	0.45988	0.008039912284	0.218055182	0.006765607697
30000	Baron	0.40672	0.00622896251	0.1474075031	0.004895131218
30000	Muraro	0.37492	0.005724266756	0.1428486081	0.004519513324
30000	Xin	0.34836	0.005560232384	0.1431758007	0.004003347869
30000	Seger	0.43428	0.00655643924	0.1831450548	0.005560734989
30000	Wang	0.33204	0.005995193626	0.1226469422	0.003967319897
20000	Baron	0.35108	0.004864412493	0.08321738009	0.003221120392
20000	Muraro	0.31652	0.004798006997	0.0828037133	0.003610209244
20000	Xin	0.32632	0.004084728595	0.09554773291	0.002804420985
20000	Seger	0.38204	0.005835119884	0.1226210616	0.00444518503
20000	Wang	0.3026	0.004898015528	0.08732845145	0.003064064046
10000	Baron	0.326	0.004909657466	0.06347735276	0.003018575666
10000	Muraro	0.30856	0.005338071204	0.07142845045	0.003424229759
10000	Xin	0.31476	0.004533262263	0.08890206546	0.002905093437
10000	Seger	0.37852	0.005938389361	0.1218585374	0.004755644272
10000	Wang	0.28656	0.004939320759	0.07821957053	0.003133321947
