epochs	Dclass	acc	acc_std	ari	ari_std
200000	Baron_TF	0.87356	0.005152090522	0.7185736825	0.009982152511
200000	Muraro_TF	0.82032	0.006432451073	0.626575249	0.01065491884
200000	Xin_TF	0.52904	0.006449734039	0.2345578758	0.005848287042
200000	Seger_TF	0.68736	0.01001967226	0.4431709762	0.01161248392
200000	Wang_TF	0.49588	0.007233930826	0.2558499483	0.006374849687
190000	Baron_TF	0.87712	0.005244046155	0.7265430173	0.01015383095
190000	Muraro_TF	0.81856	0.007329807115	0.6310899897	0.01135411208
190000	Xin_TF	0.53408	0.006744454117	0.2422123401	0.006061492801
190000	Seger_TF	0.68104	0.01025180098	0.4417789208	0.01165448952
190000	Wang_TF	0.50424	0.007591156402	0.2634996958	0.00655975745
180000	Baron_TF	0.87676	0.005612432735	0.7285806193	0.01062450854
180000	Muraro_TF	0.82844	0.006677952504	0.6432767652	0.01082296224
180000	Xin_TF	0.50884	0.006116557152	0.2236080067	0.005448111933
180000	Seger_TF	0.69756	0.01052491546	0.4631911891	0.01256622156
180000	Wang_TF	0.50468	0.007665022438	0.2642774852	0.006279837627
170000	Baron_TF	0.87628	0.005599087849	0.7269809611	0.0107383459
170000	Muraro_TF	0.83044	0.006370038248	0.6475735809	0.0106715433
170000	Xin_TF	0.52188	0.006625209949	0.231771299	0.005787629481
170000	Seger_TF	0.6962	0.009952948498	0.4608621893	0.01186477171
170000	Wang_TF	0.50808	0.007310778666	0.2628942584	0.006645728753
160000	Baron_TF	0.87736	0.005532141209	0.728963517	0.01037819722
160000	Muraro_TF	0.81908	0.006400657001	0.6276633744	0.0103697454
160000	Xin_TF	0.53036	0.00685216588	0.2385663372	0.006321890302
160000	Seger_TF	0.69296	0.01020078523	0.4612901317	0.01206708028
160000	Wang_TF	0.50704	0.00747636647	0.2673493991	0.006662987205
150000	Baron_TF	0.87608	0.005248269306	0.7237898568	0.009870711441
150000	Muraro_TF	0.83148	0.006693828845	0.651140125	0.01096040634
150000	Xin_TF	0.53792	0.006492170166	0.236985448	0.00621502928
150000	Seger_TF	0.68772	0.01067117638	0.452125124	0.01263672494
150000	Wang_TF	0.51452	0.0071459984	0.2648471735	0.006647426493
140000	Baron_TF	0.87432	0.005668277269	0.7230727813	0.01059360999
140000	Muraro_TF	0.82712	0.006429929887	0.63976136	0.01079016776
140000	Xin_TF	0.52064	0.006928799892	0.2312674352	0.006375721185
140000	Seger_TF	0.69216	0.009888139192	0.4538341074	0.01178322037
140000	Wang_TF	0.50624	0.007242286812	0.2627364984	0.006427306727
130000	Baron_TF	0.87216	0.005596581588	0.7169991441	0.01065387251
130000	Muraro_TF	0.82396	0.006468680678	0.6363259584	0.01055701919
130000	Xin_TF	0.5246	0.006846614586	0.2373123753	0.006106787517
130000	Seger_TF	0.67984	0.01035072292	0.4349177502	0.01220818054
130000	Wang_TF	0.4996	0.007173803564	0.2612293062	0.006291366753
120000	Baron_TF	0.87128	0.005538661445	0.7155279819	0.01058875992
120000	Muraro_TF	0.83004	0.006281125762	0.6443101438	0.01050118389
120000	Xin_TF	0.52832	0.00653155323	0.2306381856	0.005933916086
120000	Seger_TF	0.702	0.009881825959	0.4585045731	0.01154949161
120000	Wang_TF	0.50068	0.007667767061	0.2626258382	0.006532476197
110000	Baron_TF	0.86712	0.005357873091	0.7066049647	0.01016047306
110000	Muraro_TF	0.81456	0.00668584818	0.6209190002	0.01076206987
110000	Xin_TF	0.52676	0.006786388775	0.2357858837	0.006121583451
110000	Seger_TF	0.68588	0.01011969348	0.4433755091	0.01205928431
110000	Wang_TF	0.51948	0.007109183977	0.2695794352	0.006366393875
100000	Baron_TF	0.86744	0.006082817211	0.7107169838	0.01122349464
100000	Muraro_TF	0.81292	0.006700334365	0.611650444	0.01086345921
100000	Xin_TF	0.53944	0.006661087954	0.2432210571	0.005935451913
100000	Seger_TF	0.68964	0.009728401961	0.4509125742	0.01172544839
100000	Wang_TF	0.50192	0.006926076958	0.2566190761	0.006034142192
90000	Baron_TF	0.86028	0.006401121085	0.6967597525	0.01144162136
90000	Muraro_TF	0.78956	0.007506399357	0.5807728299	0.01101482015
90000	Xin_TF	0.527	0.006674148135	0.2314063226	0.006065851305
90000	Seger_TF	0.6632	0.009488272904	0.4122191203	0.01103499377
90000	Wang_TF	0.4992	0.007071888264	0.2498688076	0.006020925596
80000	Baron_TF	0.86196	0.005825779267	0.6976054474	0.01100355163
80000	Muraro_TF	0.81652	0.006831825317	0.6251104413	0.01073009168
80000	Xin_TF	0.52272	0.006731853027	0.233563952	0.005969159653
80000	Seger_TF	0.67248	0.009756502349	0.4234899474	0.01153265378
80000	Wang_TF	0.50272	0.007525335303	0.2574735297	0.006217540268
70000	Baron_TF	0.84924	0.006164409481	0.6777008086	0.01081042815
70000	Muraro_TF	0.80424	0.007047486778	0.60897873	0.01091020022
70000	Xin_TF	0.50328	0.00638837073	0.2161007162	0.005513779416
70000	Seger_TF	0.6708	0.00979792612	0.4285030478	0.01115822318
70000	Wang_TF	0.48736	0.007170562638	0.2428571496	0.005909191594
60000	Baron_TF	0.85624	0.005989270654	0.6877323286	0.011053139
60000	Muraro_TF	0.8152	0.006575806875	0.6226231714	0.01041831308
60000	Xin_TF	0.49412	0.006919099466	0.2056595235	0.005786548922
60000	Seger_TF	0.68696	0.009647469424	0.4495564953	0.01146436861
60000	Wang_TF	0.49736	0.007351675915	0.2541923742	0.006708509161
50000	Baron_TF	0.8454	0.005904049506	0.6684850408	0.01046776581
50000	Muraro_TF	0.80492	0.007101379898	0.6041666394	0.01094056936
50000	Xin_TF	0.49088	0.00629541275	0.2017468555	0.005396343809
50000	Seger_TF	0.67896	0.009996285503	0.4357915802	0.01187239227
50000	Wang_TF	0.49104	0.007463773916	0.2393764925	0.006345407726
40000	Baron_TF	0.83752	0.006201460611	0.6533221846	0.01088870728
40000	Muraro_TF	0.8016	0.007259984392	0.6002990547	0.01120683178
40000	Xin_TF	0.48044	0.006417466291	0.185869672	0.005162204578
40000	Seger_TF	0.68212	0.009906964177	0.4406396599	0.01145914981
40000	Wang_TF	0.48924	0.006972778734	0.236467692	0.006212097152
30000	Baron_TF	0.8292	0.006897787308	0.6411337593	0.01171500327
30000	Muraro_TF	0.77968	0.007396401038	0.5649212295	0.01093262856
30000	Xin_TF	0.45236	0.006173317943	0.1583813678	0.004993328568
30000	Seger_TF	0.678	0.01020653254	0.4356566855	0.01223501951
30000	Wang_TF	0.47428	0.007119379077	0.2217579909	0.006076392985
20000	Baron_TF	0.8078	0.006903504535	0.6033487622	0.01139958632
20000	Muraro_TF	0.7566	0.007541681957	0.5264779697	0.01040383189
20000	Xin_TF	0.44856	0.006400882279	0.1589136209	0.004903244819
20000	Seger_TF	0.66548	0.009466810136	0.4162527092	0.01091110237
20000	Wang_TF	0.46132	0.006854867617	0.207769324	0.006108917279
10000	Baron_TF	0.7862	0.006623513399	0.5637112988	0.01064682737
10000	Muraro_TF	0.75368	0.007478859267	0.5192144735	0.01086350322
10000	Xin_TF	0.42444	0.006164449638	0.1336705022	0.004789728675
10000	Seger_TF	0.64932	0.009409422689	0.3881224209	0.01139254963
10000	Wang_TF	0.45248	0.0068079824	0.1805534053	0.00565512791
